35
7 309 4 0 -1 -1 -1 -1
8 358 8 0 -1 -1 -1 -1
15 417 6 0 -1 -1 -1 -1
17 439 8 0 -1 -1 -1 -1
11 563 2 0 -1 -1 -1 -1
14 574 8 0 -1 -1 -1 -1
23 638 7 0 -1 -1 -1 -1
3 672 5 0 -1 -1 -1 -1
21 683 6 0 -1 -1 -1 -1
19 833 6 0 -1 -1 -1 -1
20 947 9 0 -1 -1 -1 -1
13 1119 4 0 -1 -1 -1 -1
4 1227 6 0 -1 -1 -1 -1
16 1286 8 0 -1 -1 -1 -1
9 1319 3 0 -1 -1 -1 -1
22 1520 3 0 -1 -1 -1 -1
1 1530 5 0 -1 -1 -1 -1
2 1549 8 0 -1 -1 -1 -1
18 1578 5 0 -1 -1 -1 -1
6 1598 2 0 -1 -1 -1 -1
5 1794 6 0 -1 -1 -1 -1
10 1840 6 0 -1 -1 -1 -1
12 1864 2 0 -1 -1 -1 -1
27 2034 9 1 9 2 -1 -1
29 2513 8 1 7 3 -1 -1
28 2620 5 1 9 4 -1 -1
31 3134 7 2 -1 -1 5 5
35 3634 9 2 -1 -1 5 5
34 3955 3 2 -1 -1 3 2
32 4358 8 2 -1 -1 8 5
33 4744 7 2 -1 -1 2 3
25 5278 10 1 3 4 -1 -1
26 5788 8 1 2 4 -1 -1
30 7304 8 1 7 2 -1 -1
24 9903 9 1 9 7 -1 -1
